32 50 2
5523
19165
2726
42073
1881
6223
2282
1433
1616
2658
5592
1515
1989
3544
2531
40257
1428
2789
2231
20903
4662
4394
7311
2680
1396
1464
2969
1428
4834
7393
80534
2691
3507
3612
8236
1605
2106
2091
6553
2029
1986
1410
1683
1670
3136
2246
1455
2556
5592
1546
32 50 4
23
82
11
223
8
26
9
6
11
11
23
6
8
15
10
197
6
12
9
90
19
18
30
11
6
6
12
6
20
30
708
11
14
15
34
7
9
9
27
8
8
6
7
7
13
9
6
10
23
7
32 50 8
2
6
1
14
1
2
1
1
1
1
2
1
1
1
1
13
1
1
1
6
2
2
2
1
1
1
1
1
2
2
45
1
1
1
3
1
1
1
2
1
1
1
1
1
1
1
1
1
2
1
32 50 16
1
2
1
4
1
1
1
1
1
1
1
1
1
1
1
4
1
1
1
2
1
1
1
1
1
1
1
1
1
1
12
1
1
1
1
1
1
1
1
1
1
1
1
1
1
1
1
1
1
1
32 50 32
1
1
1
2
1
1
1
1
1
1
1
1
1
1
1
2
1
1
1
1
1
1
1
1
1
1
1
1
1
1
6
1
1
1
1
1
1
1
1
1
1
1
1
1
1
1
1
1
1
1
